,0,1
0,627,273
1,0,100
